temps=6500:3600
latlon=51.712372:7.841890
speed=1000
method=Auto

